30
54 1 38 897 424 363 476 609 64 729 924 571 584 53 244 165 876 485 354 61 976 815 76 71 116 887 112 369 878 853
30
428 403 464 173 746 421 778 911 622 77 544 607 230 871 50 359 886 401 340 705 744 923 732 477 870 31 690 53 136 83
30
650 413 534 219 380 205 22 849 256 831 580 575 424 847 6 225 486 389 104 987 808 707 126 983 10 939 772 725 68 669
30
930 389 460 547 424 11 824 385 218 49 362 643 24 327 356 931 420 267 976 265 242 263 626 279 754 489 426 265 896 35
30
876 993 926 273 0 407 600 145 646 55 902 261 762 523 896 83 264 881 336 489 172 399 818 195 248 277 426 547 830 631
30
646 487 352 327 486 61 280 579 66 97 740 359 2 713 488 539 840 671 78 661 206 481 748 837 296 937 156 651 810 57
30
422 273 102 895 294 893 166 219 374 427 792 109 100 285 420 903 168 619 310 489 398 165 302 97 862 697 992 419 958 607
30
18 91 578 237 298 539 674 135 206 105 56 915 506 167 58 313 514 337 956 881 238 705 682 651 798 907 360 943 568 949
30
894 323 454 521 700 841 566 567 684 55 118 307 528 625 360 161 878 363 346 601 590 763 214 115 238 693 120 921 898 891
30
82 699 544 781 158 699 272 983 874 817 980 425 524 649 454 819 892 715 590 791 990 333 870 961 398 789 600 43 590 171
30
846 159 710 41 822 685 80 959 898 765 344 589 434 619 472 325 608 923 634 403 376 211 956 485 234 813 144 711 308 835
30
936 983 456 707 830 869 990 415 318 55 280 403 196 425 102 25 524 543 164 233 888 279 228 155 812 173 140 523 510 501
30
924 869 524 917 772 717 770 869 42 305 986 287 554 299 846 189 638 959 376 171 248 909 792 405 676 773 104 207 98 109
30
856 269 282 985 720 265 800 557 292 159 862 881 490 895 652 993 198 39 126 841 362 9 276 287 914 239 532 985 436 127
30
288 845 36 357 230 925 456 967 760 605 924 533 224 637 842 95 254 851 530 693 64 331 808 321 710 485 270 275 466 165
30
396 541 162 631 974 833 800 713 830 177 584 147 628 481 52 19 14 817 142 755 710 379 432 725 274 553 960 89 600 109
30
208 703 926 937 192 35 680 77 700 723 638 249 278 705 434 63 190 305 748 861 964 837 574 203 470 703 742 801 356 679
30
506 325 382 409 86 331 772 191 828 479 196 919 62 317 888 723 10 771 416 925 274 905 370 883 58 43 646 675 638 77
30
650 629 390 541 378 41 870 105 526 911 236 917 148 645 552 651 862 421 460 763 422 423 868 161 910 101 964 405 898 253
30
554 653 846 659 760 125 740 467 692 13 496 645 306 347 148 847 626 637 590 13 804 983 128 265 282 603 836 881 162 493
30
270 15 252 917 506 75 60 289 948 753 450 415 30 925 374 767 898 27 750 397 958 15 158 575 122 173 898 35 884 571
30
872 983 622 143 528 945 928 171 72 11 48 745 440 987 222 727 832 257 526 133 24 63 286 129 546 965 366 329 422 113
30
416 993 384 835 26 867 548 589 722 993 986 117 578 239 778 155 756 497 224 899 98 523 456 963 18 799 648 143 776 811
30
558 105 96 111 292 981 514 255 558 909 142 97 130 941 232 845 250 729 586 335 224 79 300 947 50 925 718 447 894 369
30
84 711 266 79 894 237 76 695 652 83 180 913 178 827 212 317 862 133 590 897 636 281 498 501 86 787 186 819 836 595
